2 0.560662 0.326196 0.158088 0.103275 0.255231
3 0.558824 0.327456 0.143382 0.105793 0.260126
1 0.425551 0.472292 0.104779 0.0881612 0.266159
3 0.417279 0.474811 0.117647 0.0982368 0.320388
0 0.667279 0.469773 0.183824 0.108312 0.322631
2 0.671875 0.473552 0.178309 0.115869 0.356653
7 0.565257 0.404282 0.237132 0.11335 0.357787
2 0.561581 0.406801 0.207721 0.0982368 0.368122
5 0.926471 0.387909 0.0882353 0.27204 0.441663
4 0.9375 0.622166 0.0882353 0.256927 0.450994
4 0.930147 0.40932 0.0919118 0.239295 0.462432
7 0.570772 0.557935 0.336397 0.103275 0.470066
6 0.188419 0.483627 0.262868 0.4534 0.89939
