0 0.569853 0.191436 0.176471 0.120907 0.273434
2 0.661765 0.47733 0.183824 0.108312 0.282943
7 0.663603 0.476071 0.169118 0.110831 0.313208
2 0.564338 0.333753 0.154412 0.11335 0.332226
3 0.561581 0.329975 0.159926 0.105793 0.337786
5 0.933824 0.618388 0.0808824 0.279597 0.355863
0 0.556985 0.40932 0.213235 0.108312 0.365861
7 0.563419 0.403023 0.237132 0.110831 0.391551
8 0.558824 0.197733 0.172794 0.103275 0.396911
2 0.560662 0.406801 0.205882 0.123426 0.412765
1 0.428309 0.472292 0.102941 0.103275 0.439822
4 0.931985 0.38665 0.0772059 0.274559 0.528346
4 0.932904 0.629723 0.0863971 0.27204 0.530833
0 0.66636 0.471033 0.185662 0.100756 0.560955
5 0.926471 0.389169 0.0845588 0.274559 0.620834
7 0.571691 0.549118 0.316176 0.115869 0.670839
6 0.192096 0.482368 0.266544 0.511335 0.896582
